$ANSIBLE_VAULT;1.1;AES256
32383564636164656366616132343836386236336462663335663634373434633339623432366332
3136636130343635326162313632626333626562616135340a643738643034353938626336643035
35383530353430303866636565643535366334396265363666386531356664643230333231656636
6162343762376137350a653336326666663466313164373137326335326330363930666163656261
30383432653061333161643132393830663864323365396366383034393731393235616530323062
37356433373066636632666366353634313934623966366264333366346330626439386535656532
39626637303534343639613563303538376163633630346338353731643936656635623135613539
32643361316165353165373238386463633461363237643665643839643634383435343330656232
63633864363931653561643030373063313337636536323835353936326333313831613236393735
32613464353861323736376237643837643166663834386461663037303330326163376564303163
38333361633835336661373539353935346536633436353035333934633361396337383565336639
66663034663037663830366537323734353331633232646665313239306265643831386563323461
32363930373833636263393266666130393963323363313761313061306565303835653431306239
63653935353166376236356363633762316234313437346665343539316464636437393063353935
64363563336639306562323362303364616662303030333434613637356531343462336138663163
34363031356664316563646534306633633732346431646634343435383232353161376466346664
30323865326234396430396331376232376239333662396134313834643566316466333034663038
33323730663362393463663162343632626562333730666263333236616130313736366662663664
31633163313032383364363662353838376365343466636432323565373833663262373134393264
66623764333531356365316163336438643536626166666639386430333865396364376434326530
39346561653062363761643938363637373439616132356565346364616130663065353461336266
36623331666264656430626665633931393766323438353337613962363263663036326565396565
35333739643561363861623938376132666630643438666631393737653836343830393435373033
32363130636235656335353535356634356464626133636661333562313138626164613964343338
38653631303434366339366236623732633461626435336530393862393638383035336635336536
30663266353661396564623738373335633562636632653930396665356530643132353535393833
39633739613634333536313561333936333338346537366333653161663432353436646533366534
63643132383465616634343162306130633537613137316663356537663634613739353761366633
64346662616666646662306133313163653266653462633061626365353666626331323633393731
30333937313936653063653462643436323734313637373635353333343230656432366663306463
65616535393033373234613534656336343938353539626362346535393331323438363239353337
63373862636237333038343033323962633961633736326466643936366139383565633231326230
34323437326136653361326163376330346635363331363366386134653436646435383038653839
36336166613966353430646637613930623131363362323063373765323236393631346132343961
333831623732303336316665386639373130
